1
4
6
10
12
13
15
18
19
20
24
25
28
29
31
32
33
34
36
38
39
40
44
48
49
51
52
53
54
55
59
60
61
70
71
73
74
76
80
81
82
85
88
89
92
93
96
100
101
103
104
107
108
112
113
114
115
117
120
121
122
123
129
131
132
133
135
137
138
139
140
141
142
145
146
148
149
153
154
157
158
160
161
162
163
164
165
166
169
175
176
180
182
183
185
188
189
192
193
195
197
198
200
202
204
207
209
216
217
218
221
224
225
227
229
230
232
233
234
236
238
239
245
248
249
252
253
254
266
273
275
276
277
279
281
282
283
284
288
290
292
293
296
297
298
299